0,513
0,512
94,4
94,3
94,2
0,511
0,510
94,1
94,0
0,509
0,508
93,5
93,4
93,3
93,2
0,507
93,1
93,0
0,506
0,505
0,504
14,5
14,4
0,503
0,502
0,501
92,5
92,4
92,3
92,2
92,1
92,0
0,500
0,499
0,498
0,497
91,5
91,4
91,3
91,2
91,1
91,0
90,4
90,3
90,2
90,1
90,0
89,3
89,2
89,1
89,0
88,3
88,2
88,1
88,0
87,3
87,2
87,1
87,0
86,3
86,2
86,1
86,0
85,5
85,4
85,3
85,2
85,1
85,0
0,496
0,495
0,494
0,493
0,492
84,5
84,4
84,3
84,2
0,491
84,1
84,0
0,490
0,489
83,3
83,2
83,1
83,0
0,488
0,487
0,486
0,485
82,5
82,4
82,3
82,2
82,1
82,0
0,484
0,483
0,482
81,5
81,4
81,3
81,2
0,481
81,1
81,0
80,3
80,2
0,480
80,1
80,0
0,479
0,478
0,477
0,476
79,5
79,4
79,3
79,2
79,1
79,0
78,3
78,2
78,1
78,0
77,3
77,2
77,1
77,0
76,3
76,2
76,1
76,0
75,3
75,2
75,1
